<?xml version="1.0"?>
<opencv_storage>
<FaceMatrix type_id="opencv-matrix">
  <rows>2</rows>
  <cols>2622</cols>
  <dt>f</dt>
  <data>
    3.62140465e+00 1.90172458e+00 2.19195104e+00 3.61926436e+00
    -2.12942347e-01 3.43201613e+00 3.35889196e+00 3.05540562e+00
    4.16124344e+00 2.30987883e+00 3.23681355e+00 -1.32564449e+00
    3.55141282e+00 -7.69743204e-01 3.68044090e+00 2.60844541e+00
    1.54814112e+00 4.31802940e+00 1.04791534e+00 2.47965574e+00
    -1.84484851e+00 3.31713104e+00 -1.08612370e+00 -2.67309594e+00
    -3.81425071e+00 4.62679863e-02 2.66877025e-01 3.30485582e+00
    3.63890457e+00 -1.01824021e+00 -2.25774026e+00 3.05398130e+00
    -3.51196438e-01 -6.61553383e-01 -5.84635496e-01 -2.28799653e+00
    1.90568841e+00 1.34956515e+00 3.67596841e+00 2.52596998e+00
    1.87936699e+00 -3.19584608e+00 9.07269001e-01 -2.85303879e+00
    -3.29176235e+00 -1.74855039e-01 -1.84369922e+00 -8.41086060e-02
    -9.26195800e-01 8.56474161e-01 -3.38030815e-01 -1.94180310e-01
    6.35959291e+00 1.37028480e+00 -1.96384847e+00 1.13684332e+00
    -4.52044582e+00 -1.99753189e+00 -5.38318300e+00 2.45806432e+00
    -1.04552197e+00 -1.17326570e+00 -1.97240031e+00 1.66287780e+00
    3.70256615e+00 1.63560212e+00 -2.93024850e+00 3.29248619e+00
    5.52065039e+00 5.66176510e+00 4.64654779e+00 2.57444000e+00
    3.04073167e+00 4.36550999e+00 -4.99291182e+00 1.29929566e+00
    6.50787175e-01 -4.90842909e-02 -1.24021709e+00 -2.99952126e+00
    -3.75244832e+00 5.25031984e-01 -2.39404154e+00 -9.02584851e-01
    2.42165017e+00 4.32349235e-01 -3.71960640e+00 9.00562465e-01
    -4.10644650e-01 4.87328827e-01 -4.46277523e+00 3.32628512e+00
    -2.14974189e+00 2.41836500e+00 1.39616311e+00 -1.80104744e+00
    2.13311538e-01 -3.75615668e+00 -2.59235406e+00 -3.19871044e+00
    3.55543709e+00 6.95475435e+00 -8.89632642e-01 -2.63311243e+00
    2.16336560e+00 1.97239816e+00 8.12207890e+00 -3.19840074e+00
    1.91354918e+00 3.99651742e+00 5.87285519e+00 2.96163392e+00
    -8.24151278e-01 -6.80043888e+00 -2.35251963e-01 5.49603462e-01
    -2.64777446e+00 -1.27385557e-01 -1.96394825e+00 -6.79259300e-01
    -9.79102612e-01 -5.14058876e+00 -4.01293421e+00 -1.20525408e+00
    -3.03068423e+00 -8.94915342e-01 3.87027383e-01 1.27602971e+00
    -3.27526188e+00 -1.81038308e+00 1.19206929e+00 -5.87493229e+00
    -5.65628481e+00 4.41158682e-01 -3.34565103e-01 2.09210658e+00
    2.80283022e+00 -1.61321068e+00 2.73371458e-01 3.60324800e-01
    2.11890483e+00 -2.96601248e+00 -1.06463599e+00 -1.46473467e+00
    2.34662727e-01 -5.78182602e+00 -2.12923193e+00 1.26202516e-02
    -1.62545234e-01 2.15893221e+00 4.87126780e+00 -2.13987374e+00
    -5.79798698e-01 2.39112163e+00 2.47455502e+00 1.31264842e+00
    5.00077677e+00 4.54440784e+00 -2.13350534e+00 4.04158497e+00
    -5.09123135e+00 -1.04335868e+00 -4.20047855e+00 8.02076149e+00
    1.81456745e+00 5.44681644e+00 1.76222897e+00 -2.86650777e+00
    3.08964467e+00 8.96299839e-01 -1.85317338e+00 -1.53831434e+00
    1.74578404e+00 3.44183946e+00 2.19070268e+00 1.28065217e+00
    2.84150171e+00 -3.14813423e+00 9.87872028e+00 -2.14447522e+00
    -3.42784822e-02 5.73420811e+00 1.77981287e-01 2.02362001e-01
    -2.12814426e+00 2.42489362e+00 3.02765799e+00 -4.49672967e-01
    -1.07888353e+00 3.28865433e+00 -4.88671112e+00 -2.82276535e+00
    -1.65482616e+00 2.54349017e+00 1.96720016e+00 8.20972145e-01
    -5.75814784e-01 -2.79163790e+00 -1.82770717e+00 -1.74617517e+00
    -5.44854259e+00 9.40996468e-01 2.34478712e+00 2.41793609e+00
    3.35640281e-01 5.85952950e+00 -2.54001188e+00 1.11254506e-01
    3.18332481e+00 1.33500743e+00 -4.14567184e+00 -2.40169120e+00
    -2.26042104e+00 4.88377064e-01 -4.56293344e+00 -5.89536285e+00
    -3.60733092e-01 -1.01455259e+00 -3.86149049e+00 3.72647107e-01
    2.72743654e+00 -2.13988829e+00 -3.84010077e+00 -1.76018798e+00
    2.98632169e+00 -3.07048631e+00 -4.52248955e+00 8.97430599e-01
    7.40413380e+00 -1.43153322e+00 1.94690990e+00 -4.58667564e+00
    -3.43945742e+00 -2.27458811e+00 -2.43874002e+00 -1.28444672e+00
    2.57162833e+00 3.69219947e+00 -1.86860061e+00 5.62116814e+00
    6.83454156e-01 1.51219440e+00 -9.17801380e-01 2.53590679e+00
    -4.71896505e+00 6.08861268e-01 -1.64484572e+00 6.57469511e-01
    1.91599464e+00 -3.88056040e-01 -1.71448529e+00 4.50743675e+00
    1.12969279e+00 -2.57644892e+00 1.78215683e-01 5.23337078e+00
    2.15245128e+00 1.18854165e+00 -4.55556726e+00 2.14300561e+00
    6.63896990e+00 -4.32607293e-01 -6.85761309e+00 -2.13646889e+00
    -3.09525943e+00 -4.97128344e+00 -3.10559440e+00 9.89003718e-01
    5.88051438e-01 3.70277357e+00 -3.82137728e+00 6.43912363e+00
    -9.34654653e-01 -2.12256384e+00 3.76933193e+00 5.34938216e-01
    4.07027102e+00 7.62050295e+00 -2.89979488e-01 -7.81571150e-01
    6.12683344e+00 2.70746851e+00 -1.10760438e+00 4.39827251e+00
    -3.03104734e+00 -4.33211946e+00 5.98511314e+00 5.23124337e-01
    5.23521233e+00 5.69940281e+00 9.20969844e-01 -1.51829672e+00
    1.96170640e+00 3.64283204e+00 3.51851559e+00 -4.19110864e-01
    2.95812130e+00 -2.97380996e+00 5.50126910e-01 -6.61307693e-01
    8.90575051e-01 -2.35172963e+00 -2.26631331e+00 1.62784481e+00
    3.86175632e+00 1.36688793e+00 2.97363591e+00 4.03767920e+00
    2.65778232e+00 1.53223825e+00 -1.18387663e+00 -4.24362755e+00
    -2.15272164e+00 -2.37228203e+00 -4.06040335e+00 3.18670225e+00
    5.42839813e+00 -4.09607172e+00 -2.11154208e-01 9.61676240e-03
    4.44680405e+00 -3.23047256e+00 -5.06004989e-02 3.43062818e-01
    1.51039755e+00 1.06848300e+00 -1.54926789e+00 -4.85332876e-01
    -2.47638083e+00 -2.36946344e+00 -2.27922583e+00 5.19752073e+00
    -1.06285930e+00 1.76019740e+00 2.99766684e+00 -5.80919027e-01
    -3.32831800e-01 4.97763014e+00 -1.96196485e+00 4.18167561e-01
    -5.22783041e-01 -3.55285943e-01 -9.89690423e-03 -1.45859346e-02
    1.38551402e+00 -3.36995125e-02 2.29577351e+00 3.09824705e+00
    -4.18559456e+00 6.60644007e+00 -2.85719442e+00 1.13329268e+00
    2.63152409e+00 5.61578894e+00 9.53969300e-01 -2.59858251e+00
    1.14682361e-01 -4.16590309e+00 -4.84166431e+00 -2.62872720e+00
    7.12393808e+00 -1.85185993e+00 4.00997925e+00 -2.75847840e+00
    4.41316319e+00 9.67311025e-01 -2.86658812e+00 3.93106365e+00
    -3.64532280e+00 5.17721593e-01 -2.06442773e-02 -1.51540369e-01
    -3.46969390e+00 5.75465107e+00 2.32616019e+00 -1.78412485e+00
    -1.33742332e+00 7.21704483e+00 -3.72574282e+00 1.10765791e+00
    -8.79920602e-01 -3.48277378e+00 -3.72713327e+00 2.95103168e+00
    -5.46655798e+00 -4.23622179e+00 9.61517692e-01 -2.75041628e+00
    -3.76282501e+00 6.77627742e-01 5.59158421e+00 2.29922938e+00
    -1.27444029e+00 -7.12677717e-01 -1.99865317e+00 -4.91781044e+00
    -3.41672826e+00 1.24107563e+00 2.25702691e+00 5.53430939e+00
    3.35101557e+00 1.20499814e+00 1.30221009e+00 -2.12608600e+00
    -4.15764809e+00 -4.03516740e-01 1.93733618e-01 1.76879019e-01
    -7.64870286e-01 -4.69342422e+00 -4.72614288e+00 9.04528141e-01
    1.34436107e+00 -3.97967815e+00 -2.22618222e-01 -3.30273867e+00
    -7.99991846e-01 -7.84139156e-01 -4.46044016e+00 2.20487165e+00
    -3.88567948e+00 6.66758418e-02 -2.07648182e+00 1.49206007e+00
    9.16935146e-01 -2.14147353e+00 -1.15814674e+00 4.27085161e-01
    -4.98788309e+00 -3.06589246e+00 4.51599789e+00 2.02931023e+00
    -1.12850094e+00 1.98868334e+00 3.74314356e+00 4.93709421e+00
    -1.30469489e+00 -2.13646364e+00 -5.48143101e+00 3.15020180e+00
    3.53459454e+00 3.41528034e+00 -2.33861899e+00 2.52928638e+00
    -3.50829458e+00 -1.96271229e+00 -6.69701874e-01 -2.52254510e+00
    -2.93964338e+00 -8.10084522e-01 3.20008111e+00 -1.63168162e-01
    7.74947256e-02 -6.24618649e-01 -5.87719965e+00 -1.27632415e+00
    -1.15075040e+00 1.32294321e+00 -1.76863313e-01 -2.14031458e+00
    -1.52771801e-01 -2.56498963e-01 2.71402574e+00 -3.49794579e+00
    -2.65449941e-01 -2.28807688e-01 5.11445701e-01 -3.22490048e+00
